version https://git-lfs.github.com/spec/v1
oid sha256:a6dbb65c7e63c3a245274745a7df2a41c784349a3354636b29c4e2ddaba97034
size 113
